86
69
79
45
14
31
71
86
90
63
81
54
13
66
84
39
25
4
45
94
56
92
79
93
15
96
81
15
68
82
65
71
68
98
74
65
61
65
86
14
49
43
16
74
99
8
50
8
67
95
98
88
60
81
38
62
88
58
86
16
30
39
39
95
9
42
3
4
100
95
16
41
6
39
27
89
4
52
16
82
50
78
34
61
89
92
78
66
11
73
97
73
79
58
94
75
72
35
88
19
92
47
13
35
25
85
48
3
5
76
87
62
97
44
32
33
43
52
71
55
18
27
28
83
64
19
54
87
99
99
10
94
28
18
76
83
16
66
54
12
75
39
6
67
28
33
13
23
14
97
40
89
86
26
67
89
12
46
45
51
49
49
33
98
56
94
52
89
28
10
21
66
54
39
87
86
79
23
10
88
52
73
54
21
87
69
40
23
66
49
33
88
72
78
29
77
63
85
9
49
44
